# layer_3 = {"H":7,"M":7,"C":64,"R":3, "stride":1, "padding":1,"K":64,"P":56,"Q":56}
* layer1 layer2 layer3 layer4 layer5 layer6 layer7  end
layer1 224 224 3 16 16 1 768 14 14 layer1 0-1
layer2 197 1 768 1 1 1 2304 197 1 layer2 1-1
layer3 197 1 768 1 1 1 197 197 1 layer3 1-1
layer4 197 1 197 1 1 1 768 197 1 layer4 1-1
layer5 197 1 768 1 1 1 768 197 1 layer5 1-1
layer6 197 1 768 1 1 1 3072 197 1 layer6 1-1
layer7 197 1 3072 1 1 1 768 197 1 layer7 1-1
layer8 197 1 768 1 1 1 2304 197 1 layer2 1-1
layer9 197 1 768 1 1 1 197 197 1 layer3 1-1
layer10 197 1 197 1 1 1 768 197 1 layer4 1-1
layer11 197 1 768 1 1 1 768 197 1 layer5 1-1
layer12 197 1 768 1 1 1 3072 197 1 layer6 1-1
layer13 197 1 3072 1 1 1 768 197 1 layer7 1-1
layer14 197 1 768 1 1 1 2304 197 1 layer2 1-1
layer15 197 1 768 1 1 1 197 197 1 layer3 1-1
layer16 197 1 197 1 1 1 768 197 1 layer4 1-1
layer17 197 1 768 1 1 1 768 197 1 layer5 1-1
layer18 197 1 768 1 1 1 3072 197 1 layer6 1-1
layer19 197 1 3072 1 1 1 768 197 1 layer7 1-1
layer20 197 1 768 1 1 1 2304 197 1 layer2 1-1
layer21 197 1 768 1 1 1 197 197 1 layer3 1-1
layer22 197 1 197 1 1 1 768 197 1 layer4 1-1
layer23 197 1 768 1 1 1 768 197 1 layer5 1-1
layer24 197 1 768 1 1 1 3072 197 1 layer6 1-1
layer25 197 1 3072 1 1 1 768 197 1 layer7 1-1
layer26 197 1 768 1 1 1 2304 197 1 layer2 1-1
layer27 197 1 768 1 1 1 197 197 1 layer3 1-1
layer28 197 1 197 1 1 1 768 197 1 layer4 1-1
layer29 197 1 768 1 1 1 768 197 1 layer5 1-1
layer30 197 1 768 1 1 1 3072 197 1 layer6 1-1
layer31 197 1 3072 1 1 1 768 197 1 layer7 1-1
layer32 197 1 768 1 1 1 2304 197 1 layer2 1-1
layer33 197 1 768 1 1 1 197 197 1 layer3 1-1
layer34 197 1 197 1 1 1 768 197 1 layer4 1-1
layer35 197 1 768 1 1 1 768 197 1 layer5 1-1
layer36 197 1 768 1 1 1 3072 197 1 layer6 1-1
layer37 197 1 3072 1 1 1 768 197 1 layer7 1-1
layer38 197 1 768 1 1 1 2304 197 1 layer2 1-1
layer39 197 1 768 1 1 1 197 197 1 layer3 1-1
layer40 197 1 197 1 1 1 768 197 1 layer4 1-1
layer41 197 1 768 1 1 1 768 197 1 layer5 1-1
layer42 197 1 768 1 1 1 3072 197 1 layer6 1-1
layer43 197 1 3072 1 1 1 768 197 1 layer7 1-1
layer44 197 1 768 1 1 1 2304 197 1 layer2 1-1
layer45 197 1 768 1 1 1 197 197 1 layer3 1-1
layer46 197 1 197 1 1 1 768 197 1 layer4 1-1
layer47 197 1 768 1 1 1 768 197 1 layer5 1-1
layer48 197 1 768 1 1 1 3072 197 1 layer6 1-1
layer49 197 1 3072 1 1 1 768 197 1 layer7 1-1
layer50 197 1 768 1 1 1 2304 197 1 layer2 1-1
layer51 197 1 768 1 1 1 197 197 1 layer3 1-1
layer52 197 1 197 1 1 1 768 197 1 layer4 1-1
layer53 197 1 768 1 1 1 768 197 1 layer5 1-1
layer54 197 1 768 1 1 1 3072 197 1 layer6 1-1
layer55 197 1 3072 1 1 1 768 197 1 layer7 1-1
layer56 197 1 768 1 1 1 2304 197 1 layer2 1-1
layer57 197 1 768 1 1 1 197 197 1 layer3 1-1
layer58 197 1 197 1 1 1 768 197 1 layer4 1-1
layer59 197 1 768 1 1 1 768 197 1 layer5 1-1
layer60 197 1 768 1 1 1 3072 197 1 layer6 1-1
layer61 197 1 3072 1 1 1 768 197 1 layer7 1-1
layer62 197 1 768 1 1 1 2304 197 1 layer2 1-1
layer63 197 1 768 1 1 1 197 197 1 layer3 1-1
layer64 197 1 197 1 1 1 768 197 1 layer4 1-1
layer65 197 1 768 1 1 1 768 197 1 layer5 1-1
layer66 197 1 768 1 1 1 3072 197 1 layer6 1-1
layer67 197 1 3072 1 1 1 768 197 1 layer7 1-1
layer68 197 1 768 1 1 1 2304 197 1 layer2 1-1
layer69 197 1 768 1 1 1 197 197 1 layer3 1-1
layer70 197 1 197 1 1 1 768 197 1 layer4 1-1
layer71 197 1 768 1 1 1 768 197 1 layer5 1-1
layer72 197 1 768 1 1 1 3072 197 1 layer6 1-1
layer73 197 1 3072 1 1 1 768 197 1 layer7 1-1